Grasp 1
pregrasp

[[ 0.03459226,  0.99151665, -0.12529207, -0.32334501],
 [ 0.99713887, -0.04267286 ,-0.06239474, -0.73368322],
 [-0.067212,   -0.12277522, -0.99015594 , 0.00317158],
 [ 0.,  0.,  0.,  1.]]

grasp
[[-0.10218044 , 0.96792078 ,-0.22953979 ,-0.26831836],
 [ 0.99334796 , 0.08696545, -0.07547741 ,-0.69567223],
 [-0.05309413, -0.2357252  ,-0.9703683 , -0.03019759],
 [ 0.,  0.,  0.,  1.]]


Grasp 2
pregrasp
[[ 0.06945545,  0.16982099, -0.9830243  , 0.38268247],
 [-0.99617983,  0.06409149, -0.05931292 , 0.8558171 ],
 [ 0.05293091,  0.98338859,  0.17362375 , 0.61666534],
 [ 0.,  0.,  0.,  1.]]

 
grasp
[[-0.14216113 , 0.16151078, -0.97657795 , 0.38992741],
 [-0.98752079 , 0.04440713,  0.15109833 , 0.66339189],
 [ 0.06777103 , 0.98587133 , 0.15318228 , 0.62447559],
 [ 0.,  0.,  0.,  1.]]


Grasp 3
pregrasp
[[ 0.26031666 ,-0.96406749 ,-0.05300113, -0.68948508],
 [-0.94717281, -0.2656355,   0.17972605,  0.21129448],
 [-0.18734702 , 0.00341555 ,-0.98228785,  1.75942924],
 [ 0.,  0.,  0.,  1.]]


grasp
[[ 0.11825717 ,-0.98126957 ,-0.15206999 ,-0.62366463],
 [-0.97089301 ,-0.14638536 , 0.18957344 , 0.22762079],
 [-0.20828346 , 0.12522527 ,-0.97001888 , 1.76561919],
 [ 0.,  0.,  0.,  1.]]
