Grasp 1
pregrasp:
[[ 0.03641783,  0.83105418, -0.55499792, -0.08382774],
 [ 0.26532282, -0.54347557, -0.79639067, -0.33576348],
 [-0.96347161, -0.11825079, -0.24028984,  0.89674677],
 [ 0.,    0.,    0.,    1.  ]]
grasp:
[[-0.06457152,  0.77712422, -0.62602593, -0.06145332],
 [ 0.32901546, -0.57567823, -0.74856089, -0.44404051],
 [-0.9421143,  -0.25430792, -0.21851346,  0.75289689],
 [ 0.,    0.,    0.,    1.  ]]


Grasp 2
pregrasp:
[[ 0.08451167,  0.13199555, -0.9876411,   0.35614493],
 [ 0.19944298, -0.97336967, -0.11302204, -0.80989141],
 [-0.9762583,  -0.1874264,  -0.10858668,  0.73558469],
 [ 0.,    0.,    0.,    1.  ]]

grasp:
[[-0.18448742,  0.08824734, -0.97886506,  0.33910463],
 [ 0.15887605, -0.98018427, -0.11830976, -0.75949468],
 [-0.96990865, -0.17734488,  0.16681128,  0.5134754 ],
 [ 0.,    0.,    0.,    1.  ]]


Grasp 3 #side grasp
pregrasp:
[[-0.09695263,  0.98515837, -0.14164453, -0.29117634],
 [ 0.28874328, -0.10835385, -0.95125536, -0.23582978],
 [-0.95248491, -0.13312561, -0.27395267,  0.7233765 ],
 [ 0.,    0.,    0.,    1.  ]]
grasp:
[[-0.07781624,  0.96853944, -0.236381,   -0.34069425],
 [ 0.27623201, -0.20687136, -0.93856279, -0.27118967],
 [-0.95793554, -0.13833143, -0.25144365,  0.75146037],
 [ 0.,    0.,    0.,    1.  ]]


Grasp 4
pregrasp:
[[ 0.355467,   -0.92664209, -0.12238325, -0.49659107],
 [ 0.31672397, -0.00377367,  0.94851024, -1.67626866],
 [-0.87939135, -0.3759258,  0.29214835,  0.22309644],
 [ 0.,    0.,    0.,    1.  ]]

grasp:
  [[ 0.355467,   -0.92664209, -0.12238325, -0.49659107],
 [ 0.31672397, -0.00377367,  0.94851024, -1.67626866],
 [-0.87939135, -0.3759258,   0.29214835,  0.22309644],
 [ 0.,    0.,    0.,    1.  ]]
