Grasp 1
pregrasp
[[ 0.06159298,  0.04845753, -0.99692436,  0.38468808],
 [-0.41255199, -0.90826844, -0.06963693, -0.48569833],
 [-0.90884936,  0.41557227, -0.03595171,  1.10352233],
 [ 0.,    0.,    0.,    1.  ]]


grasp
[[-0.0416366,   0.00517296, -0.99911943,  0.32595271],
 [-0.32856008, -0.94444205,  0.00880232, -0.59855485],
 [-0.94356487,  0.32863726,  0.04102298,  1.05185292],
 [ 0.,    0.,    0.,    1.  ]]



Grasp 2
pregrasp
 [[ 0.13673209, -0.06452039, -0.98850466,  0.39720861],
 [-0.40104703, -0.91604729,  0.00431737, -0.51380085],
 [-0.90579557,  0.39584653, -0.15112877,  1.21011239],
 [ 0.,    0.,    0.,    1.  ]]
grasp
[[-0.06178592, -0.04266152, -0.99717726,  0.43537747],
 [-0.27574143, -0.95947233,  0.05813358, -0.65385297],
 [-0.95924406,  0.27855492,  0.04751834,  1.02919299],
 [ 0.,    0.,    0.,    1.  ]]

Grasp 3
pregrasp
[[-0.01512264, -0.02184328, -0.99964703,  0.53754066],
 [-0.97907986,  0.2032119,   0.01037112, -0.12520083],
 [ 0.20291363,  0.9788911,  -0.02445942,  0.36710594],
 [ 0.,    0.,    0.,    1.  ]]


grasp
[[-0.22448393,  0.0077232,  -0.97444718,  0.53009084],
 [-0.9573857,   0.18471832,  0.2220175,  -0.32893304],
 [ 0.18171293,  0.98276116, -0.03407221,  0.37675602],
 [ 0.,    0.,    0.,    1.  ]]

 
